6
-99 10 -9 10 -5 4
3
-999 100 -9
5
12 -4 -10 4 9
3
-2 -1 -2
5
0 0 0 0 0
5
1 2 3 -7 4
4
1 2 3 -7
5
1 2 3 -5 4
1000
633 -526 542 -359 81 -435 215 193 591 670 344 147 465 16 144 592 -437 -836 -381 297 487 920 -393 801 207 -138 -905 -607 -537 -90 -749 -525 -244 -285 -612 899 -54 -378 867 -698 489 -599 283 -425 180 -844 865 -258 -688 -821 -749 -588 -627 -827 76 -607 -294 -777 250 727 -661 96 234 227 289 149 660 292 -21 433 203 -461 111 720 812 -102 -214 -820 -800 82 -703 415 -989 333 122 -759 -35 799 -904 662 956 68 364 -501 986 -703 680 -111 7 -691 -435 -401 465 736 550 -585 74 -386 -956 287 -465 -297 640 35 998 398 264 515 71 -868 -720 -669 533 -860 551 688 -594 -954 -206 206 -194 -580 386 76 927 -63 -416 372 -289 -16 466 55 -74 80 520 138 -795 -885 808 147 -737 -764 886 -441 244 -662 -163 -36 883 -893 -300 -135 630 236 -410 670 887 784 -681 -346 -162 -884 -332 465 130 39 -487 868 -64 -661 -197 -753 -931 -628 364 172 -299 -871 696 839 -941 977 -480 -458 -57 -711 511 348 -242 909 -589 -805 -372 937 62 617 547 792 -798 813 673 -62 -212 957 846 905 355 -696 -556 -147 682 -49 -579 71 567 161 -140 -266 137 63 -578 -52 238 -523 -819 -117 -209 80 -533 -623 174 -40 469 -767 157 887 145 490 929 950 273 -431 -433 -867 523 52 -335 585 -506 -35 -120 60 208 460 -242 502 41 -887 795 842 624 -910 562 177 -493 -347 734 -516 -914 452 369 357 -590 -15 -351 -12 -719 -509 -620 97 94 -346 134 -174 -123 -787 -630 619 189 -357 234 -93 -173 392 -903 -742 -818 820 340 796 438 -603 -928 -316 66 228 820 242 254 -213 352 -368 -713 -674 -10 963 -760 -187 549 -764 559 670 -919 709 -262 -677 -463 457 618 -890 333 -216 -125 365 564 -923 -421 146 736 -205 -120 143 657 -309 328 -877 -72 -167 -10 338 868 -588 -536 433 526 774 414 -971 -91 -191 -555 -959 -788 284 182 -83 -217 -659 402 643 654 1 -113 777 543 -461 -217 -841 -884 558 560 303 -175 969 524 462 740 568 424 -664 274 42 253 113 -228 659 659 72 -327 -694 -145 725 408 915 574 -414 -63 -632 49 -632 614 911 -444 915 858 -825 -268 382 999 -823 -544 380 -637 -977 -761 -964 -173 -478 -859 187 698 -894 -666 300 874 -944 104 923 -75 641 59 -612 91 -94 -501 793 -633 -648 769 -26 404 -195 871 523 -905 -695 5 288 -946 -892 755 -392 118 7 -512 145 -887 331 277 256 -564 -50 -713 622 -132 -74 337 687 -209 540 472 -816 441 -356 -739 484 -473 -619 -836 -159 411 -719 121 801 955 681 -51 562 -639 -565 404 -270 -236 786 211 -108 300 655 699 -102 956 -429 798 675 507 436 -169 -400 589 -580 -488 712 107 -138 197 -927 -472 -949 724 -962 -808 39 690 -983 -376 563 695 222 -773 -718 252 155 -630 -648 99 389 -339 776 575 960 589 80 -538 481 243 -278 -2 205 -552 -723 360 754 629 -693 -718 352 516 99 67 -431 72 -700 280 -936 -946 376 873 879 706 849 688 -947 901 729 -625 273 -323 526 821 -56 -241 290 -752 306 -819 -807 175 -893 -562 -200 637 119 -625 729 -606 82 155 945 331 -252 -321 89 -890 388 -70 918 -456 -691 -262 -369 395 921 476 -730 -4 718 47 825 724 126 224 105 -72 -357 -216 688 983 -460 -167 664 263 300 250 414 754 -651 780 19 721 646 -444 770 -262 -206 -419 269 -655 -793 465 143 -991 -68 177 -593 659 -151 -565 -364 -889 166 -193 502 -548 -328 278 185 -802 647 -665 4 664 107 -963 573 314 935 90 -3 -141 -822 310 -717 404 -889 902 383 -343 822 -243 -776 -119 -25 -462 -442 -453 221 -237 175 303 -356 -122 -443 -193 674 369 -230 155 66 438 -240 -815 514 163 480 -655 837 516 -566 -155 686 -576 -722 -337 307 -48 -603 388 -79 -903 119 233 -143 349 140 -863 -465 809 -741 232 593 163 757 -91 -108 -410 -53 158 313 258 -776 -969 -580 -900 -862 872 827 -800 -514 -524 -333 -417 984 836 -798 -758 -822 -664 291 871 -743 -188 476 842 -856 -612 156 -200 -857 -755 159 214 537 -34 162 -884 -658 -182 949 -800 604 -485 948 -284 643 -738 985 -641 -301 -91 200 747 527 -752 467 792 -87 182 351 747 638 763 -996 254 153 410 494 342 -455 -928 365 929 -84 -804 -588 -138 659 -799 -919 908 300 -411 858 389 738 -100 640 474 105 -268 90 541 375 -256 443 -156 -112 -413 308 777 551 -31 -352 412 835 468 -156 415 928 -490 543 480 24 -291 305 420 146 -130 -670 420 -67 -774 -372 -563 -174 -225 385 552 685 502 824 -415 84 800 100 -735 457 447 -453 -50 -228 -96 -283 760 442 836 512 375 -153 -22 -212 -391 -790 -486 -750 131 575 645 -66 152 -863 -522 381 -713 486 -561 -719 -994 -836 380 -604 -935 632 -106 -178 -672 736 549 -475 275 -710 -32 764 -615 -157 389 560 416 -38 22 -402 -199 -619 -379 839 -407 -452 288 -399 536 40 -967 -194 -833 -547 -211 136 882 989 967 376 104 -834 -573 874 976 -737 -948 -313 -29 -778 -402 -653 569 852 -487 -931 -358 389 508 384
10000
664 379 -107 105 -982 205 -672 -576 286 -567 637 -948 976 767 -589 585 422 164 288 909 -991 -985 -298 -34 -121 -148 -424 819 350 -667 -586 701 -753 177 550 -992 -514 -241 775 -802 -576 867 -953 -804 -304 -950 -147 441 502 -682 -359 149 -958 -262 -574 579 -737 -51 611 -261 -810 999 605 471 -985 -714 752 322 828 488 20 -287 381 -330 657 399 828 60 387 -57 1 235 -862 -583 -375 280 608 -35 -789 926 -962 -773 136 529 211 -829 -526 -840 760 850 -439 549 -208 361 -171 710 306 -701 -180 858 -42 -895 -742 763 168 -178 -954 983 60 -50 -799 -686 551 -450 -166 731 969 -743 -813 -693 682 148 827 847 -970 35 -944 336 742 150 154 -599 756 192 -864 -612 41 -377 -30 -937 -150 -372 -490 418 -486 549 635 784 -290 -698 886 968 276 -49 363 116 52 -120 401 150 504 -793 -173 282 2 -335 389 947 554 937 531 194 723 -243 474 500 -545 -442 -879 -144 8 391 -783 -252 -683 -502 -404 957 528 -120 701 190 -548 -612 -883 467 -942 -97 -132 996 -633 -946 -642 451 -46 -412 8 826 171 133 421 856 419 -156 789 -617 741 66 253 -745 633 93 -232 -884 158 999 465 721 955 422 324 -433 853 -388 76 -930 -186 527 -581 566 -678 -527 -10 -421 -915 642 -238 544 172 -729 599 823 380 318 169 944 -115 470 91 398 517 -678 -177 809 224 809 -4 -331 82 -176 193 499 -668 618 -910 -336 -247 588 21 916 713 -229 542 128 727 -852 756 879 399 -641 38 -47 -967 202 -625 31 -715 -662 -567 630 -743 -663 -96 -603 318 299 -77 993 59 57 -941 -428 881 425 893 345 -432 -422 829 651 24 -813 523 -295 -569 -40 729 353 231 302 -621 530 -581 306 924 923 879 -750 711 -274 113 751 -701 -81 -845 886 -962 -510 -836 562 821 547 344 480 219 -425 201 -389 -547 -540 -30 -630 804 516 590 -87 500 -368 107 505 -174 -264 82 -71 740 582 329 473 -273 371 -160 -904 144 68 -937 -63 -528 84 533 -661 460 -936 680 -271 38 448 -976 -951 872 946 87 484 -343 478 -207 721 -951 -215 -972 -284 -770 -722 -317 -139 -46 926 472 76 647 -537 448 532 45 67 -74 -182 -469 327 -896 -832 -159 -919 739 -719 -390 122 518 -648 896 -413 -554 974 -629 569 308 -600 -707 947 615 -524 -784 925 614 -238 715 46 531 -238 -914 250 697 -871 -995 -73 318 -174 -631 924 -835 -517 978 -808 463 406 -423 -970 -361 -161 608 112 -572 -2 -807 -717 -872 -447 -252 -781 -636 139 -493 505 654 297 -434 -57 437 660 -582 -830 -343 -457 -26 -948 900 405 -205 -5 546 277 508 591 -427 402 877 -30 523 605 594 258 -873 -163 113 -555 614 141 729 259 -930 182 871 432 -420 800 609 -544 -141 55 587 -575 350 -64 -96 -577 -462 -297 501 -211 87 -523 -736 938 -428 -807 650 -903 -398 391 -341 -305 221 -112 351 741 -998 -573 226 -939 -183 642 696 418 292 -849 -704 950 306 -970 123 -358 274 -871 313 733 74 -212 495 58 -535 -947 236 -845 886 -328 -529 -29 -641 -297 491 790 546 -629 -411 -279 -385 79 -263 352 463 976 879 86 889 -687 735 -202 105 -173 754 -732 150 -292 939 885 206 489 535 -318 31 -526 329 -8 859 578 -143 406 136 452 957 -884 789 -292 -612 -85 -655 -280 -560 -12 322 949 -203 804 -809 -880 -198 783 -112 862 56 945 -999 -269 975 -295 -324 -49 -664 -766 -279 -619 196 -952 -136 83 -36 109 537 -764 -615 -916 27 -396 -927 -392 112 695 768 771 209 -399 173 -613 735 -780 718 969 -39 -346 -651 -206 678 -739 -174 174 285 35 186 -180 -907 -147 439 937 -754 700 425 -603 -280 -313 324 134 -531 -947 550 415 -851 -61 349 105 952 -596 -303 902 536 -329 138 -204 164 325 -237 962 -629 40 679 225 235 -889 -675 692 764 -482 105 -804 -492 443 -21 437 -735 408 628 243 -337 54 -499 -576 -722 -810 913 132 -609 505 -593 543 754 -858 -593 764 573 583 817 -273 -96 -157 -811 815 -364 -557 -935 -245 -213 316 -732 -898 515 -182 409 183 658 227 -496 -260 -761 -740 -12 187 -206 121 -812 -740 475 164 952 336 -416 -148 -255 -969 721 726 -223 -787 627 -337 -262 958 471 181 730 473 -333 -355 205 -410 636 -625 -975 -505 -322 229 609 -933 139 -843 518 -219 -688 -7 763 -395 170 943 838 -423 429 -74 753 260 940 284 -578 -176 117 6 497 788 398 -865 885 -653 -49 210 -95 -314 103 984 822 303 765 857 262 -757 631 333 -366 -419 114 176 222 -971 460 249 -662 -572 383 235 895 -429 263 -916 335 -618 -844 -156 -875 476 494 469 -395 330 -839 333 126 -791 902 -545 -977 -774 -302 -842 650 -381 301 -490 840 139 -310 83 -211 252 13 -847 209 823 -624 -853 418 947 414 -971 -54 -103 356 -942 9 992 -642 -810 -502 643 828 -717 146 265 114 -618 -361 264 -178 -454 -456 171 338 672 762 -277 -916 -291 -882 -47 -845 372 728 293 751 667 754 -899 887 -306 -350 -152 514 -417 398 -91 -479 -788 796 -240 -478 334 -136 -602 -602 373 -893 842 34 -314 76 -873 -839 194 163 -134 961 -817 -403 959 -966 -827 532 -884 276 -941 666 -32 789 -126 -392 -352 796 742 -819 -136 -347 -515 -472 -590 358 -730 996 -387 449 186 567 629 -931 822 -216 -197 -851 -555 -582 -309 -36 -384 79 648 662 443 307 -192 -594 987 -407 951 -834 -668 461 -403 -508 1 -622 760 838 -956 -619 -468 -874 801 -240 -941 834 -552 -985 -376 505 -457 982 -484 752 606 136 615 814 -857 638 -822 219 834 110 -770 93 608 -690 332 990 -882 988 9 984 382 -705 -479 785 -433 -880 431 379 -376 62 845 285 765 -156 671 256 -346 204 421 -35 -335 23 531 992 -962 -627 -996 -669 880 615 156 -691 -172 296 -272 200 -985 -780 -933 -947 -395 -925 535 -133 710 -956 582 600 -233 -528 349 961 718 -39 495 -889 -814 287 697 239 472 84 -51 -629 -704 101 604 -745 410 -188 -240 794 556 -485 -111 457 -48 329 -93 -815 748 -42 -548 568 -319 704 33 -71 -910 73 380 -151 -700 181 -11 338 645 867 831 -784 984 -126 499 -111 565 387 -54 210 -931 -464 -409 -208 186 86 -602 229 8 616 -273 750 -173 549 -482 -781 635 -950 430 -937 -187 -107 358 536 -314 692 -791 -416 588 -815 793 -106 330 -393 699 -984 535 745 612 -442 597 -774 672 644 437 -868 270 709 745 -436 642 839 -385 581 99 -492 -357 -281 29 621 -229 685 -705 771 659 -888 884 -399 187 586 199 280 486 -628 483 923 321 -99 761 851 -463 584 -664 -707 734 801 -475 177 926 -630 -948 -443 853 349 504 294 -522 -327 213 663 123 119 -876 -394 141 -485 -16 -498 460 -404 -632 700 -873 -483 -346 235 -50 539 -175 334 682 -279 -321 -458 856 -42 -53 -812 468 -171 207 440 597 950 156 -944 -206 473 452 -529 -287 944 -284 152 749 -448 259 477 -725 -399 -714 295 -324 -616 -895 -763 -251 870 -352 -84 420 -868 -29 -262 -427 -907 -553 -130 557 559 -843 445 -649 -280 51 690 -106 -853 -144 827 -88 58 886 -207 -571 260 -172 632 915 580 492 -835 900 522 251 750 893 364 60 808 775 -855 405 -317 67 94 431 612 -566 981 321 978 262 -630 -850 592 -586 -436 -664 -865 649 -293 700 592 -531 721 -10 -284 956 871 412 352 188 -133 -257 418 -547 241 -416 -349 -287 -229 5 -496 -817 -809 978 -882 621 -517 -364 -868 -777 834 -401 -454 -252 -680 129 -121 838 -487 -543 149 -294 702 160 720 925 -683 843 624 -632 -936 -16 19 808 555 -159 -180 501 -139 -349 465 -547 891 -261 157 -158 807 -616 -882 538 998 569 -190 -994 380 170 580 946 342 834 -16 791 -551 -801 685 -962 461 907 -953 -557 68 -885 332 745 -531 89 -93 595 -847 -264 -6 -653 -747 763 970 230 977 -551 151 -846 312 760 663 628 91 -877 -518 -399 -526 -528 643 468 636 -893 -961 352 178 232 611 -60 -753 914 536 -860 -433 -664 460 117 -987 -2 507 638 77 -405 576 317 484 5 981 -571 277 483 -501 -875 -473 791 351 978 743 -213 413 -204 416 -781 852 -790 -331 464 598 104 873 112 -247 866 -501 -418 570 -482 190 752 228 -420 -104 419 523 887 -362 -77 -484 622 324 309 -171 366 -784 -689 372 -980 -336 564 872 936 172 982 152 -913 889 293 -181 -175 797 594 341 52 -429 506 -621 416 -483 -169 -678 124 153 536 216 -931 595 -830 95 -775 -842 515 370 324 893 -24 -993 485 357 -574 -575 -381 -632 363 -667 432 206 856 -84 -855 -164 248 843 130 -824 571 -683 -960 -36 926 -685 485 -245 319 -349 -135 -770 824 895 -594 47 864 -179 -857 266 -260 -836 476 -190 -436 891 -620 529 200 17 -731 -449 -921 881 -467 551 -201 171 -380 994 -620 -881 -303 716 -949 890 39 -420 -79 174 -440 764 432 -767 -807 -240 187 381 295 -229 81 -307 -608 827 38 667 999 664 427 807 572 649 787 818 -377 305 -224 190 -734 -657 -874 -654 900 166 -631 926 -296 -688 -782 -999 -295 -429 828 -80 992 44 518 -151 -841 -870 812 202 165 544 693 -92 469 969 -490 449 -80 460 194 802 -113 -733 116 375 -712 -81 477 830 -792 -573 -749 143 677 -629 -996 650 -905 -205 774 807 -655 -412 996 -691 113 402 940 445 -532 831 551 367 812 699 958 -355 -451 -644 234 178 951 -651 -315 -934 723 -882 -308 -759 777 155 -413 241 787 -117 -564 385 -852 354 -842 -602 -438 228 -241 -425 -611 -461 628 255 45 212 343 -701 471 282 -250 -688 278 587 688 286 -800 320 -230 647 261 914 -210 -73 -277 107 -706 849 -118 -532 -365 -20 27 348 -357 504 -475 712 -757 684 164 -463 30 -832 742 10 -45 391 220 815 884 -535 -303 370 -621 659 696 -356 -682 313 -85 632 -705 790 276 692 -651 471 -246 892 928 -353 -263 654 -971 -426 -765 -589 -573 422 596 300 -674 859 -432 -810 252 -907 -397 668 411 981 107 -568 442 -219 -568 -499 -769 333 -756 865 -661 -957 -656 -693 996 923 -383 -282 610 -330 237 -65 -686 -931 806 659 -165 -895 519 -69 550 592 -907 401 805 632 790 -268 124 -250 266 -242 -309 826 -764 251 34 215 -315 502 586 426 159 372 -136 104 650 791 770 69 -833 44 359 -169 379 -310 -175 69 356 -556 -525 -679 340 -692 -90 656 -42 54 547 -866 -350 -128 -945 -363 -281 581 -464 -644 870 519 933 -58 791 -152 -325 -132 -598 786 -49 -884 267 -105 -539 733 -46 -430 -163 -706 543 -450 644 384 194 188 -407 988 -404 -725 903 687 665 667 -27 -464 -95 668 689 -476 840 -996 892 475 -346 -218 -323 -992 487 437 180 -735 912 -894 7 -965 799 -732 -164 686 621 83 -683 -11 491 -518 107 -480 -840 -131 777 655 523 -687 -467 -999 -294 463 774 442 -56 656 938 -793 16 -401 -54 865 -214 -598 -731 -38 780 -946 105 63 -647 -487 293 299 -232 894 67 15 702 161 -463 476 285 585 -195 977 967 781 234 942 81 -995 724 -874 -308 -457 -790 879 8 -472 525 -688 215 -330 -644 -224 -246 734 -541 -600 775 953 318 338 830 -258 -143 814 414 -95 -497 -496 -245 -521 -725 -478 -489 -24 275 -82 -208 595 -33 -98 -261 563 -830 -235 154 420 398 629 -805 -767 -890 644 778 755 -351 -586 -488 715 752 557 982 521 430 720 -294 593 -312 -999 229 -934 -520 504 854 420 278 147 -207 -973 803 -64 -533 -373 483 346 379 -664 -8 894 549 982 -956 505 -186 -508 87 362 -622 -107 882 -701 -843 -660 -108 -527 -727 926 887 -75 -863 -309 -6 484 -69 -98 879 -897 448 244 873 -980 242 -70 931 457 -496 347 -485 -363 -363 -854 513 -571 -277 649 -193 -789 466 -108 -201 -473 -656 102 67 550 376 442 81 -293 -115 -443 883 280 546 257 715 -226 -717 -380 735 -580 -505 206 -746 -925 -100 660 -275 24 883 704 23 -961 -272 933 475 -302 -351 659 953 -385 302 402 231 -823 -522 892 -16 -680 -708 791 -300 -122 74 465 -230 461 -397 638 155 937 -478 942 431 -561 -735 -108 -748 -686 -316 -862 -698 230 -3 -55 263 -956 -837 -238 954 535 564 143 764 883 266 -222 -804 41 262 822 -266 -839 -450 -140 802 -341 307 956 191 246 554 -654 -137 -974 -650 -97 -64 -528 276 446 -234 808 -633 143 -945 -247 -947 653 815 133 866 -411 -343 -233 -90 -536 -450 -106 746 -316 -589 768 -329 -803 -998 400 -469 -615 450 -780 210 133 -326 924 -44 547 901 492 -930 -85 267 287 -681 -456 -611 497 90 -310 327 718 -528 600 -59 433 -390 -167 -497 437 553 79 -137 409 498 -33 -368 769 -130 612 185 -433 -890 -268 -280 229 -141 -227 443 598 -428 -26 769 212 -54 952 133 295 849 -718 761 -415 -965 202 747 -698 -798 226 562 -134 -327 -502 -601 -822 792 -127 793 -292 -911 -714 -233 555 -600 305 965 -222 -996 451 -908 192 270 657 -465 317 -779 -613 -567 61 -479 459 -533 -789 308 -936 -47 -90 988 -274 422 638 -751 -374 -445 -311 -35 645 -794 -625 -443 -924 968 -33 559 277 157 -696 571 839 -101 -342 -921 56 -763 548 -317 486 -236 69 786 -985 -58 -457 286 729 -985 -111 -641 -847 -603 948 -218 469 944 654 -230 -354 -296 -213 -713 647 -953 -712 77 107 120 -443 -943 458 65 -973 569 564 181 815 -568 -77 -857 -132 -839 636 -395 996 232 -734 701 423 614 -200 -31 630 746 -6 56 705 457 -628 836 942 -757 -65 -584 68 319 -566 887 667 989 314 901 -828 379 -613 -204 -28 877 -625 -962 -78 496 -311 -460 502 687 920 -310 -867 -795 -803 891 782 -35 122 -919 852 -301 84 90 979 -990 737 215 640 230 -488 -506 172 131 -420 143 -441 349 -432 350 -913 -241 343 155 266 -417 -900 287 18 299 -257 -669 -114 -639 651 -117 -289 32 136 103 542 -781 -170 -424 556 -719 -767 -499 -786 -890 603 -192 291 -49 480 -776 -412 327 -230 -146 591 110 -178 -425 -960 8 973 -453 -865 959 350 802 792 739 300 -801 192 -447 403 -112 -175 446 328 -189 -972 -508 102 -91 -782 -780 637 862 174 629 -643 999 577 970 -759 -53 117 -882 444 177 -915 638 -381 -605 -15 129 518 106 834 -741 -173 -832 -683 -179 288 -423 -694 -921 846 810 808 452 136 859 972 -551 -762 -191 371 605 -267 -900 -369 904 179 -886 301 -339 -637 178 -480 787 -724 65 -765 305 -18 397 -617 581 667 -317 354 476 -675 277 -572 101 -672 507 -418 219 988 209 -385 171 72 622 -330 23 507 468 253 668 811 571 903 350 -506 -868 -633 610 -350 -721 394 -267 608 -555 -403 -944 400 858 -687 421 653 723 834 -896 -175 978 89 -408 183 -536 -816 586 -909 895 -718 899 341 -640 -680 425 -832 -673 775 -594 787 874 -499 747 -497 472 -796 833 -162 743 66 323 777 318 -128 -466 -721 -751 79 18 965 914 -578 -934 705 215 820 -187 -558 839 -645 796 83 -145 -206 19 -870 536 746 -621 -292 -179 -262 760 -16 458 352 -761 -908 -156 250 -882 -283 -20 -407 -761 912 -441 349 -801 995 -281 -223 -933 -887 -849 -176 -144 560 991 -16 209 837 492 -60 344 -196 833 -297 -731 -598 819 -832 -996 108 212 183 -927 -650 -881 361 -253 -352 262 -950 492 -840 -554 72 -927 784 -273 725 768 4 -874 -755 532 -655 311 -480 369 761 -818 783 15 590 756 -970 91 867 -476 -370 -34 670 14 876 -501 -328 115 -741 359 -403 -735 535 -82 387 -996 159 -483 878 416 217 -677 442 24 254 -920 740 -539 -451 -580 818 845 791 -491 -515 388 976 641 -171 59 -199 895 617 192 634 -240 900 -4 282 -949 -237 -743 -934 216 -21 653 -256 225 758 -776 -651 645 730 -687 71 -116 506 829 955 55 595 648 -135 -286 236 543 -376 -154 -72 -148 -667 -230 -553 649 340 140 455 96 587 654 -792 -799 -35 518 -471 -840 -645 -954 427 -788 -832 -309 -999 -196 -975 -942 -304 289 581 91 48 -789 875 -323 -573 -345 -256 -279 187 -80 25 993 -328 896 284 102 165 551 793 -488 154 561 -868 879 677 -548 -738 -527 588 -393 599 645 -879 505 30 61 -694 422 -309 16 -637 -981 887 420 538 12 -922 -548 212 -596 543 -782 -838 -333 673 657 -784 -795 -674 -86 780 410 -120 -928 528 132 -286 -988 -491 -682 789 800 -392 911 283 -888 507 -446 -575 -835 -505 969 -987 551 946 947 18 546 -824 -104 243 147 -18 -384 -77 692 -765 224 325 83 152 -960 -176 124 995 80 -627 -104 -435 405 -48 461 0 265 -136 -991 601 980 -625 -131 407 569 383 -189 -906 446 867 271 -712 197 -402 787 -104 -99 -696 93 -112 -694 57 -424 936 513 -592 794 -486 32 524 827 938 589 -145 326 507 82 -654 -412 -851 10 -882 -198 359 344 -670 -125 -22 -463 184 421 916 -878 -84 394 241 -828 -305 -465 -328 -570 -965 -387 -904 775 116 778 -13 -796 365 -432 -227 260 127 -606 788 -545 599 160 -881 520 217 -213 119 -303 564 808 696 382 -216 -721 -862 323 335 7 -640 -221 778 334 524 20 -437 -916 32 -614 823 -178 797 -905 -266 495 -43 291 812 960 -174 694 -78 861 764 157 -672 -499 33 488 816 530 797 -249 412 -948 -209 -844 -715 822 285 263 -697 620 887 365 996 -219 734 909 -667 -878 96 11 -582 251 -871 133 -506 152 -597 -85 -950 675 631 970 -254 627 492 262 133 -404 -146 -44 -879 -431 956 434 -75 140 885 -644 -861 828 -506 -514 -932 -207 697 576 927 937 -620 -820 -849 -41 403 -199 -949 749 -386 -872 73 854 201 693 435 -869 -191 128 924 509 70 361 138 -588 676 -857 -194 14 -505 -801 -237 511 906 795 -62 635 -687 -841 559 525 -452 573 791 -825 -840 -434 67 268 -475 284 373 779 806 -155 -376 727 -754 -889 -413 -152 418 -985 -182 294 -168 399 -431 163 856 -282 161 -495 -799 452 834 -506 659 -658 -275 213 603 855 530 692 60 -814 213 -952 247 -287 -556 -994 -617 972 842 896 -743 -424 -142 -141 -79 332 -906 -393 -514 -191 -361 -993 -805 -635 -757 -202 -369 374 -24 940 -875 -247 -90 -536 -659 -207 733 -49 -197 -396 891 790 399 -772 125 1 -60 -172 -344 -82 262 650 -897 -329 415 -458 374 865 -822 -751 807 120 706 902 -563 -203 652 438 -585 245 -292 -661 456 -333 558 955 -562 72 -520 544 454 601 -526 -3 323 845 -589 -528 81 -770 -57 286 -697 -162 30 -658 564 -382 904 -306 -699 681 812 -869 -74 964 996 254 -519 -107 -265 -457 -172 786 864 -918 -483 274 -242 778 641 -593 834 -735 753 -217 -1 -544 32 -968 -649 980 835 -449 -412 391 -419 212 -604 -402 -793 257 935 -218 365 366 177 788 -800 678 -234 930 -10 951 -265 -145 -114 660 -774 -859 -954 -875 407 542 -384 517 -642 -360 247 -321 -614 -80 -972 798 -30 -551 -785 99 -108 917 -174 -833 -559 -981 964 491 -292 71 -232 185 -872 -940 -595 305 558 156 -758 400 657 -604 -587 27 761 -225 102 -88 667 -60 511 -55 618 380 497 -355 931 -485 -553 361 544 -956 -767 130 -264 -707 452 509 829 -170 -541 -117 820 -984 237 756 -180 538 59 -976 -844 -113 -784 777 -513 -811 -3 -545 144 794 -200 290 572 836 -171 523 893 -65 169 -754 -529 54 -212 -651 640 -983 787 -257 541 896 -227 -127 522 -562 679 -140 464 253 961 142 -522 -2 255 703 -115 -677 -446 937 -411 30 -705 846 197 458 -448 -917 812 -82 134 -349 94 816 433 639 510 -981 -769 -940 -738 855 -202 215 -626 -288 318 -749 -464 -363 -329 671 -331 -810 -265 -460 865 -718 203 -698 607 595 -318 590 894 -958 -802 411 770 566 -602 797 807 386 888 -786 -110 -578 470 -507 799 734 -435 -372 510 198 -68 -770 -893 610 679 916 -540 -373 513 418 -235 -146 601 357 -776 469 -159 -969 729 16 -739 -906 303 437 -543 -745 688 -58 -11 6 -891 -127 98 -452 -733 973 -42 -980 990 -570 -892 -58 -627 -992 350 635 22 -989 946 -324 -153 -530 -712 138 974 -909 660 111 -347 -348 -518 -748 -390 -522 -337 -129 823 509 -974 605 -443 -478 -646 -709 739 294 -573 280 749 -710 -633 315 824 656 397 -615 343 -220 51 -975 506 889 -197 11 588 -383 935 820 134 -422 244 -457 272 534 945 -47 368 712 390 180 -778 -485 -83 212 -230 -97 777 -76 -361 -900 937 964 -285 -493 -794 -216 -511 420 634 -82 738 325 553 651 363 -907 553 467 -188 -513 13 -517 -572 -976 -877 605 -561 150 -828 -70 -152 -315 -145 -346 -769 380 -926 408 756 -302 960 -808 -582 661 -174 446 -133 102 86 -196 260 914 -449 412 -610 791 805 763 -818 -366 441 295 -696 628 -519 194 -69 -332 -234 -58 544 34 111 869 753 -390 476 410 464 713 -627 801 -215 811 -420 -378 -658 332 -318 -379 -653 655 -363 -286 -669 530 -565 317 -962 -292 259 -409 142 908 544 444 -689 -185 967 -306 -557 672 -541 -919 91 185 748 159 -523 415 815 660 -936 123 819 -608 951 343 -29 406 826 -590 -732 316 213 -964 -500 108 -977 735 -167 811 794 497 -740 472 -392 -913 -51 -309 71 -806 179 -174 10 -335 -204 -92 144 529 -845 -89 -824 210 266 -637 -65 -930 8 681 -893 -262 192 686 -618 759 -383 -12 965 -133 -636 112 -967 -81 466 745 560 -853 242 316 258 4 -15 103 631 561 -173 -503 832 129 -146 -541 39 -615 767 750 -120 56 -763 899 661 239 751 -237 447 -942 -361 -158 -45 -845 -677 189 -124 407 -871 -416 885 580 -539 -198 395 -890 -803 -957 -81 307 98 -978 278 -749 -270 -990 -32 567 825 -909 586 967 -429 456 -185 436 -779 580 487 -229 -94 -465 -38 595 24 -562 215 653 659 -377 -984 -317 729 352 -205 -909 402 -57 881 398 759 513 -810 -851 -357 343 783 -861 685 256 36 211 766 125 133 322 -858 -930 740 424 -71 -216 -278 -332 -742 202 -569 -275 219 439 -73 440 7 3 -215 -778 -888 -685 772 -966 262 -262 148 -127 -315 21 -826 476 -511 -482 987 987 -488 851 280 -740 421 -243 531 -74 -808 857 23 -851 72 740 457 536 -518 -548 -933 559 -58 -426 -688 395 -175 -581 -756 -481 -641 227 -405 -610 -694 -354 165 894 -798 -806 203 454 730 313 971 983 -688 83 -627 681 323 -182 -32 -739 832 -703 496 -966 345 245 -829 -622 46 -412 -938 257 402 71 -641 -758 106 -650 -591 -71 -24 -590 -61 -821 -678 840 816 -441 46 -848 451 63 -421 -866 -971 737 -773 468 737 -723 -105 434 32 552 -70 -965 762 -179 -572 728 -674 -890 -198 893 43 -455 -315 585 216 861 499 -2 679 -115 -359 565 359 395 -709 106 648 350 -581 761 392 -675 -286 -598 404 823 -182 440 -387 -104 -6 27 515 -14 333 -904 -503 990 205 -234 -474 -35 -632 314 -660 816 63 -16 31 665 378 -238 -224 989 128 -274 796 448 350 -357 603 566 -833 664 853 439 -897 -89 750 -209 -706 446 165 997 -364 -13 -913 574 -904 -428 -436 -104 -327 876 647 874 -858 348 -456 -59 184 -769 -210 268 512 -484 106 -29 529 -128 -75 593 -935 814 721 -211 971 -983 -44 -725 801 -983 -4 -902 766 270 930 -269 -860 335 -91 55 405 -147 513 -517 -215 35 -39 -203 147 272 -89 367 656 -834 885 -953 -879 -676 -26 796 916 216 804 -807 -616 48 953 -104 287 688 674 394 -309 -610 -270 -791 312 -173 689 30 -201 -897 402 804 868 -799 597 -792 861 -602 772 -688 -208 -816 -492 -8 -809 -941 466 13 681 915 54 -719 -591 30 -175 -415 -762 445 -292 911 757 -241 -573 293 -36 -941 847 569 243 111 -365 -650 -132 -791 -776 951 870 339 -964 568 532 522 132 587 -554 -133 -589 -137 159 183 -386 116 -507 -52 -452 250 957 -508 -517 -276 339 404 -197 791 -291 -132 365 -217 828 466 -656 769 262 989 237 -491 -966 654 -172 -288 -220 -968 -444 -46 10 768 -77 -131 56 -807 89 879 561 129 212 -187 872 -965 138 -465 402 443 -738 417 964 431 -842 499 543 98 202 321 258 314 -928 -58 469 917 -723 288 726 645 -911 177 217 -336 -61 -641 757 -53 115 144 792 845 -466 -160 -11 -400 -851 266 -684 696 -646 -97 245 -252 683 -543 -712 -545 -744 -456 410 796 -495 -298 168 939 52 457 -528 -802 456 -602 -510 -658 903 -51 63 -352 -284 -629 243 -933 -63 -790 -581 -224 -940 442 841 -257 -778 -115 -577 631 -428 301 -211 -454 -608 934 -545 -178 -267 510 -733 360 -816 -758 -256 692 812 4 341 -133 595 -682 -174 934 -225 -113 640 308 -949 107 402 439 612 -463 -166 823 151 -968 456 -617 -700 -650 576 997 -931 -199 -801 244 723 267 -538 -761 841 468 -319 -263 -145 305 582 -73 -110 -250 862 694 774 813 -346 530 984 207 -694 815 28 996 -415 734 -132 717 -72 -112 394 287 -940 442 -644 -886 243 484 747 380 -233 -717 709 -768 321 -561 13 951 181 822 -500 -387 83 -244 -189 -976 -18 -190 -672 -66 191 -670 198 138 131 -230 170 -113 -591 352 251 -464 -485 -688 697 -779 -39 700 577 494 -275 164 29 519 917 969 338 420 -44 -589 632 -559 -774 186 689 -336 512 40 -247 -243 -784 375 -789 66 279 492 -599 609 477 -8 555 -306 572 -259 -208 -867 -849 524 -850 79 231 902 647 173 -65 -475 475 275 984 -848 90 667 635 -351 844 -195 555 750 -100 -808 -124 584 -35 -924 303 441 -549 953 597 488 -525 376 -444 -97 595 -768 870 798 224 298 -435 61 -590 946 880 -645 878 -780 493 -861 -572 927 917 -385 373 917 542 368 555 -263 571 -777 48 911 126 170 -334 655 394 -259 -992 684 -922 285 -600 825 65 741 282 254 -617 622 -579 195 587 710 30 -783 726 -76 985 -864 -510 -117 83 672 -483 901 -212 -599 -793 -946 92 770 319 70 239 917 -242 -691 222 -637 82 -173 -974 -297 367 945 106 -505 -656 -584 -729 340 -269 210 -650 914 -554 259 -609 83 197 322 230 811 -813 614 -50 -964 -402 153 -134 29 110 730 357 -289 504 512 -67 -194 -18 532 -800 -678 -575 -50 460 923 295 -835 -11 26 -997 300 -714 26 422 511 484 949 725 -835 -232 -575 318 -294 -382 459 190 22 -631 -349 168 684 213 -106 -319 -663 -211 -513 259 840 -973 804 384 -430 -861 -176 212 982 -40 -213 564 -640 -159 -407 751 682 -504 444 828 127 614 -891 -142 -575 455 -381 -619 434 -425 535 183 -697 895 -421 794 642 810 606 126 530 46 311 75 501 420 516 673 -822 709 -488 -99 728 -949 835 370 795 -307 -912 -895 838 -907 80 281 626 331 79 -258 747 -42 250 -499 786 501 207 -513 801 -727 851 -876 -554 274 887 -282 -895 202 -433 -286 -630 -945 279 771 284 -953 -849 741 -183 950 -297 -747 -913 646 -876 -505 -822 65 -24 -116 46 577 544 394 -209 -779 -35 -630 871 563 477 965 -761 -91 -514 100 901 512 -618 -635 -374 14 174 981 66 120 -498 148 675 927 920 -634 163 380 -324 -12 -698 -197 -781 927 749 -72 -172 679 -558 995 774 -952 206 -226 743 526 -502 954 -42 -638 908 -266 -748 -91 -429 -116 -880 -835 205 -20 198 -935 -727 721 990 -576 858 876 980 841 -92 -305 -210 908 -427 -912 765 146 -820 -488 -110 582 994 750 480 187 -32 -65 -950 76 328 -685 6 -780 620 517 607 -870 -789 -654 587 -142 -743 329 519 651 930 -517 947 286 -301 -823 -567 902 -621 300 595 340 -17 -470 -583 -105 177 919 499 954 -739 -975 116 -936 76 -851 889 -797 -810 677 827 -808 487 -182 -576 98 -703 -43 -197 962 -603 239 -122 780 437 582 767 83 952 -197 456 -519 -138 -747 373 -92 972 923 375 -517 -65 476 -135 134 187 247 91 872 -811 306 698 468 -593 651 11 -868 -726 -744 581 845 -101 42 959 -270 -717 940 141 426 -746 -646 -680 460 -902 728 -278 -143 -602 3 -757 -468 -179 -524 -664 211 236 -913 730 722 687 395 71 -442 476 -464 -372 -65 725 -345 -119 699 -140 892 154 112 -765 -638 875 -839 -45 966 -656 -756 975 -445 831 106 2 491 -806 467 828 -942 -460 347 910 -197 -987 -778 -811 498 -180 -610 624 -685 -612 -885 -182 870 562 77 -8 -612 999 968 814 -257 -679 -418 923 519 127 -403 324 249 575 308 -124 -122 -77 636 436 496 781 -96 438 559 -229 -49 -631 -121 -415 975 598 806 802 -198 268 -850 849 -222 -258 -417 -122 826 945 479 310 -309 -706 808 982 -61 754 -357 -546 -276 -304 -362 -234 314 978 71 792 749 -228 -437 325 -39 -457 419 -722 611 870 -545 -452 -708 762 -966 992 475 15 -823 -553 997 474 15 -805 190 145 282 -631 615 -788 343 -72 -50 -423 611 68 360 -541 189 -466 -870 -656 -560 -777 55 704 483 -735 -262 641 271 265 -856 -355 -144 -421 77 -12 664 -900 54 -273 -841 -695 -607 809 -158 -57 -237 405 -609 -962 377 343 -638 -669 -576 -306 -985 298 -233 671 929 463 208 -887 484 793 -313 965 -443 849 -896 -319 303 -731 246 -986 343 878 883 -345 -449 863 455 -550 -731 500 -188 598 -297 14 235 466 -562 523 -409 -81 -639 422 -96 -431 291 887 770 -380 -436 -193 -279 865 575 -659 241 -121 29 -624 -709 -382 102 -428 -891 488 -701 -787 594 -955 -766 -705 -850 -557 6 -76 -402 -904 246 -377 477 -766 783 652 -993 -482 -813 -197 780 -203 -526 -850 34 -803 -586 505 -507 102 277 188 -192 338 616 -274 -121 536 35 -322 228 -990 896 455 -871 -509 -113 471 396 -939 -410 361 -829 959 334 768 -360 462 -804 766 84 -504 401 65 30 -219 -459 28 -991 881 -697 412 -695 -559 -131 -711 -321 267 800 738 664 -9 631 832 -56 532 -796 751 279 58 670 -736 229 521 -877 479 929 -667 -845 71 722 961 942 -858 124 -574 997 927 -567 -476 184 148 -218 -705 -739 587 704 -503 466 438 -100 -248 867 231 -247 -673 664 -578 500 -504 -518 -808 -367 -8 -38 -40 -733 877 -173 518 695 -935 824 437 -281 -591 674 -731 -921 -939 -457 -123 516 -355 759 -5 -654 -599 -842 -208 -909 491 -228 -677 -422 -683 -154 796 363 963 128 -196 -178 -495 -631 515 723 -856 -236 52 790 604 -32 -222 419 -173 105 167 414 -639 203 655 -334 -427 663 -987 -937 -810 754 -175 701 100 -992 -361 -610 914 353 -656 -74 427 345 -859 -146 826 -482 926 443 -65 -264 629 -706 532 -808 -749 844 847 250 178 -334 232 -213 681 -547 27 279 -851 -216 219 -537 -723 -291 930 354 -358 405 -208 -660 467 -182 806 647 843 843 475 -402 -590 835 -550 743 402 -722 -993 598 158 -249 -468 -913 767 -169 101 401 -70 -606 -412 -580 468 -644 344 -878 -660 788 577 -624 514 -394 -508 -629 -88 -352 -438 -617 445 138 -24 -630 841 417 785 -391 -990 512 237 444 506 -336 -394 594 -643 -185 855 342 263 -576 350 901 956 605 -58 -344 -888 153 313 924 811 456 542 544 -131 891 979 -662 -287 -308 -940 553 174 399 -710 -571 -595 117 -422 940 -762 669 656 580 141 -344 -117 -418 419 -932 19 946 -539 915 -947 747 -939 128 642 -918 -116 -934 102 -633 91 156 412 -767 570 720 -599 -58 232 48 -207 -852 -804 -484 537 -417 -625 -753 -316 757 782 -782 727 -294 -494 -310 194 -35 198 188 972 -624 975 -834 574 -804 907 -212 -478 -913 17 -448 -670 -418 -276 501 662 56 -937 464 271 -984 813 -813 -530 803 -276 -251 21 656 438 -977 -785 781 -314 -269 832 954 982 -320 420 -266 -773 958 690 382 -378 -935 -111 -892 -310 350 -700 769 968 -501 722 -542 -310 -716 385 976 -531 -947 -378 -967 -178 -674 620 643 -36 -818 -403 -272 335 533 -266 -187 -763 -728 417 -391 37 -37 -771 -698 -657 -606 466 -187 625 328 104 -58 -982 -983 529 -418 -210 917 -805 520 683 946 -257 115 73 403 -6 993 984 931 -275 -920 702 308 -746 811 -423 968 214 -41 -185 222 31 790 238 -960 442 -44 -526 -310 -669 746 -666 770 -435 -737 489 722 863 350 -959 875 -164 -404 389 -825 411 504 697 -224 556 701 -23 -368 -431 473 154 -897 684 122 -247 -870 -190 -268 -681 297 -260 920 83 315 -339 -859 477 627 -888 -359 -695 426 956 771 -903 -638 -818 -923 -125 -8 52 -576 544 411 621 36 180 357 -415 -811 91 170 -348 -12 -265 895 314 -744 -952 852 -894 401 54 99 663 -868 549 557 88 -159 -905 292 517 -585 366 -895 342 -658 354 -199 -536 499 359 754 493 245 907 -685 -963 852 139 553 -44 700 -689 -59 269 348 270 -473 479 654 214 -242 -545 -753 -146 39 -966 817 -444 171 525 -91 902 -577 -31 946 655 620 -421 726 -878 -467 -7 -529 -974 16 298 739 -204 851 -280 -446 -13 595 481 -92 204 986 -490 474 -344 58 749 -406 947 -157 190 -747 -465 386 902 468 480 -240 -699 265 645 -566 705 -588 -535 -20 896 -285 -598 313 -253 305 484 -98 692 615 -493 -893 -938 216 990 800 271 396 417 256 -997 -647 -208 -237 -506 -59 -123 -816 -722 20 600 -940 204 586 -172 751 680 885 -591 -400 -326 -705 -877 913 751 -276 743 573 -127 -838 -238 117 181 -632 632 376 -336 314 -644 532 -731 -653 -228 239 -201 938 -709 480 -115 290 435 97 193 -928 623 266 -521 -935 -88 -787 -422 597 -692 183 -455 305 -731 251 385 -428 899 -53 -319 686 375 199 996 -208 857 890 882 -939 -851 -834 -851 353 759 4 -834 -206 -777 -357 -185 -151 -850 794 -335 -494 -424 -256 -850 -463 723 960 -850 -932 426 633 566 -221 -980 273 469 664 879 -184 715 406 -543 663 -706 -463 296 395 175 -960 -822 822 -522 -259 -221 91 376 666 -365 136 -813 -498 -519 -603 380 -357 461 -918 -144 -527 -954 745 -372 964 -633 -857 -551 902 687 75 468 589 51 -72 -360 -337 698 -233 -73 412 177 -103 848 13 -341 -518 -615 -991 -938 727 -702 282 159 35 -209 -56 -609 130 -891 548 641 -86 -719 -8 27 895 514 34 732 -308 -810 -975 -57 558 535 480 -841 -786 -90 -586 229 544 606 839 -479 473 569 774 147 750 -153 -53 978 284 205 -705 455 443 -936 449 983 -674 950 288 357 604 -700 745 -133 999 508 844 363 -895 -723 465 526 -134 -3 -997 48 -750 -363 -342 -474 -449 593 -623 821 449 -24 -186 175 175 390 -87 359 -738 -179 769 -470 -79 -200 -640 984 398 23 -142 633 -720 499 -412 -850 727 -919 -827 689 436 200 916 997 581 -234 569 985 -978 495 -555 -138 997 404 203 -107 708 593 107 284 264 145 502 -196 492 -650 -465 318 -67 216 -216 -544 -965 -117 323 -402 -739 -856 -906 -502 98 627 -322 -702 -861 -708 -246 -497 102 -174 841 -554 160 -330 497 83 999 181 -198 -631 -827 718 -229 277 -975 -590 -215 -784 362 -79 -714 41 -274 -981 832 -487 -59 -590 -612 -511 313 -696 224 551 -633 961 -736 174 569 -424 462 390 330 -683 414 473 -124 93 -890 223 94 480 511 598 24 -848 -830 -616 -109 712 -95 929 30 864 671 563 -538 542 396 -366 -392 -679 508 666 135 -978 819 764 -174 543 164 -884 611 419 -986 -469 304 532 77 -631 -61 -943 57 89 409 236 734 673 -362 -193 530 835 746 447 -435 -508 703 491 -695 672 -236 -775 533 -524 621 -307 -106 108 -423 -445 389 -413 198 -890 840 -483 -980 -579 338 609 -705 105 936 -90 -549 83 328 -131 -990 -242 -790 -579 -621 241 278 -952 72 -762 283 832 -725 17 -60 891 934 570 -452 -492 214 157 -72 -153 -547 165 637 -991 -41 -214 -48 -515 240 -270 153 983 513 861 -980 -919 -202 732 -672 381 468 -77 576 763 969 262 -92 -683 809 -664 611 416 411 -303 -231 35 -430 926 534 413 389 445 496 -893 599 -742 -723 -792 295 136 62 950 -941 512 -385 -361 -548 688 -757 -357 621 -179 274 -737 -975 167 637 433 -486 792 -606 435 256 -665 -13 616 769 -285 371 -160 -923 795 645 135 -70 851 -138 752 -459 876 -960 792 317 71 -862 765 -69 -452 92 -697 -390 195 815 -282 -276 -277 798 6 -431 763 -780 209 887 497 -473 -295 -12 413 -864 -168 -425 884 212 537 -330 559 623 -99 441 -788 -943 925 -295 -698 884 240 532 -764 53 205 160 -668 912 752 330 -391 -121 -842 -465 652 -364 -904 -508 625 -825 898 533 661 53 407 -160 -396 200 207 664 662 -357 818 36 655 596 357 -699 231 -689 561 -45 430 -439 311 -368 562 525 -335 166 -253 -620 -539 879 -224 965 -956 -201 -390 213 -946 -884 -247 -605 787 -689 -557 -855 72 921 -66 -754 566 343 745 590 327 20 697 884 796 8 242 517 224 -114 824 -908 922 -153 717 999 -223 59 -350 689 444 420 91 -227 803 688 317 380 -358 741 -63 308 34 466 778 237 978 -633 -867 396 406 169 916 -395 490 -811 -672 -527 335 -384 947 -418 -69 176 -322 417 -959 745 -616 319 -404 254 -121 -218 883 113 197 -646 -899 -503 881 584 -527 -348 -357 -787 -910 881 -634 118 772 -118 -847 10 -550 -477 764 -992 400 -638 -703 -51 -983 997 637 898 389 796 -576 636 -148 371 -973 -140 -413 -853 -926 -670 -725 -655 -579 -834 -152 965 707 -420 560 -280 160 -340 148 -735 954 -819 509 462 800 133 -429 699 225 954 378 -164 -176 -594 -863 -481 431 717 -862 44 -512 161 -106 882 -832 -574 -281 -669 628 339 543 -493 -409 348 -462 -955 595 -214 -530 -910 -180 -36 -63 -592 -180 841 -510 -713 -351 -448 -316 23 796 -355 -844 663 -531 724 -429 626 498 623 876 700 -397 136 -173 635 900 -294 -595 17 -327 598 537 -943 -803 -618 -826 -517 94 -747 -277 -233 925 201 13 -229 -458 -84 -421 -113 -977 20 516 -670 721 299 -887 798 847 333 490 -3 -284 634 328 572 753 114 -617 701 83 -629 416 -85 -859 248 -425 -404 662 806 341 441 772 -641 31 625 -551 -695 -362 20 -576 225 789 -992 -947 847 125 978 995 -603 -75 908 -276 -613 -420 723 -28 250 -531 -651 944 410 648 222 -102 -835 883 -247 -971 140 -459 -654 -506 247 502 137 431 -35 -741 590 416 -971 301 998 -602 790 -624 -927 835 -177 -709 912 -881 -367 238 -569 785 942 -952 686 -651 828 184 -392 975 -728 -176 262 250 482 300 -412 161 165 -936 329 861 -261 -742 -516 450 -114 -151 670 691 -126 95 458 -136 475 412 -797 -878 990 -923 -259 -242 -182 849 -425 -216 693 938 10 25 984 -331 959 -885 -921 -315 -281 177 -849 81 -979 926 -211 695 53 -378 -261 -648 -287 714 -260 859 -351 320 236 673 -347 -318 -20 -261 -794 -573 -540 340 857 483 -96 623 -765 568 721 -966 -559 -620 -668 -432 37 60 688 -65 -880 -226 648 940 981 -573 331 -545 -562 -198 842 110 -927 -867 40 470 162 370 -442 273 -79 296 247 780 926 91 -449 -622 278 115 212 853 305 -148 454 389 -800 -967 -919 -446 856 -666 193 -521 -814 536 574 908 -839 -264 -555 978 -552 -389 316 475 953 -265 990 346 32 809 264 -361 447 -199 391 725 568 690 -461 -513 -675 -817 -734 -31 -71 331 -923 -900 455 569 -560 350 -593 -345 102 984 875 748 73 910 587 -95 927 64 190 880 -527 -184 -245 -352 -491 -853 -440 -443 419 -162 -836 -66 794 793 397 -926 722 -939 -392 420 -858 -943 -912 866 -535 -788 375 -771 986 463 517 966 789 823 -785 203 -567 -612 595 574 -231 -22 288 982 265 -610 175 -140 662 713 -963 -249 -439 498 903 85 -344 -657 553 707 397 336 320 303 -498 -485 -680 946 -891 -70 474 -862 -192 22 909 294 -408 -40 221 -858 398 -592 -341 149 826 161 806 718 -426 -164 501 -578 -137 910 833 -989 568 471 251 452 161 174 -503 782 -674 28 112 -656 -572 231 367 62 683 715 -902 -657 60 141 226 144 146 511 -481 850 -832 -280 930 -587 -397 -668 -214 -870 690 983 -628 -52 29 3 406 342 105 92 -716 -815 -52 -697 -447 -871 -955 -703 89 594 60 35 -466 -661 -462 699 156 -41 -223 -618 509 -30 -160 768 -339 -658 133 586 -124 294 -900 -130 -124 973 -923 -9 920 -369 -103 -615 -639 364 -11 758 462 -918 -184 762 902 117 -545 -285 -794 -140 -459 -243 -721 -647 -301 -597 -409 311 -74 194 662 -148 -277 931 -688 -270 -702 581 -355 194 -438 794 758 -356 -445 295 734 -668 -549 -193 -334 749 -570 246 -852 -140 392 394 86 -858 785 -522 728 -342 -350 -605 -589 -356 407 639 966 -851 -239 996 -476 -421 837 695 898 -494 781 232 90 259 910 863 531 -789 212 673 -225 244 -495 452 -995 -817 -110 141 813 -166 876 -681 988 821 -931 294 -13 -40 467 -433 -474 334 -358 431 348 -71 -229 -676 -197 -404 320 -199 -721 806 229 -89 760 -894 828 758 358 -699 710 -461 -331 260 -798 -556 495 597 -188 -964 569 100 509 861 -618 973 -504 554 -353 -148 138 -319 273 -814 378 -617 -856 898 -113 -33 -753 -933 149 617 -404 701 916 275 139 -399 -482 622 -320 -603 -977 -100 289 -983 478 -269 281 309 -312 -361 450 81 -151 610 274 -337 -163 920 557 -935 -606 -502 90 -838 67 249 612 103 334 -359 -336 -641 -839 670 -791 -269 -542 -733 984 -366 112 556 -754 375 376 575 -787 745 520 -792 147 995 428 -651 971 320 -812 -900 -594 -81 522 761 -961 -280 -133 -261 -164 548 309 853 810 654 851 -900 -697 -432 469 -958 944 -802 -790 -840 -368 -651 -651 -981 -957 210 -724 631 632 197 195 783 -188 917 768 592 851 76 -442 -709 619 372 -590 888 865 654 158 -42 65 -14 700 457 -127 -375 262 5 945 999 -499 28 -731 -20 775 31 -912 -655 175 -854 928 347 -350 176 -989 608 -755 -114 -943 456 -534 -412 986 392 -40 893 903 722 956 311 803 149 182 -504 921 885 641 -907 -730 821 -588 -618 499 555 861 822 433 688 84 484 -526 -427 130 471 -426 983 -690 -485 635 486 130 903 687 764 35 965 -460 509 723 370 -59 -264 517 75 540 475 -426 -634 -218 880 929 715 564 -764 -480 -50 -694 -933 -961 -170 490 351 -73 -741 -540 -496 -885 -656 985 -283 665 -978 320 -270 32 -828 -417 -40 -245 -508 -999 -995 697 47 549 971 790 165 548 478 237 180 675 929 -980 -463 -72 104 -26 -552 -45 805 982 -693 897 -920 -850 535 657 -941 -170 803 -673 430 -607 -272 -866 -536 164 -553 -135 -201 484 -934 549 -229 988 -73 -249 925 319 -796 -994 818 -589 -361 -22 -190 -132 -204 -204 -185 118 -844 290 236 -199 -412 -196 388 -297 -66 -59 957 -851 -831 472 -763 381 -661 -537 35 756 -347 -180 192 137 473 -56 -811 510 710 56 515 -507 914 -414 819 442 -39 -915 -836 -148 -6 689 40 -801 -38 -135 412 909 913 504 428 -787 -14 106 -411 488 159 508 614 -771 29 846 -313 879 114 311 185 -151 244 -229 430 321 201 -807 -939 844 281 791 -451 -35 -121 -257 -590 410 704 62 -880 231 -996 -471 -848 685 -577 -894 52 -805 940 728 302 88 -339 129 -3 475 592 913 828 -350 493 -484 -69 892 59 -131 -5 -221 -76 -525 128 888 -426 971 992 767 921 760 -792 -326 656 870 -165 338 -200 326 210 533 -93 -283 828 34 -536 853 769 -832 -385 917 107 727 -4 18 -369 89 110 125 551 827 -924 901 474 -119 -218 -213 -718 -579 -68 35 -758 -511 -196 -77 385 -181 232 4 861 -59 645 912 -776 775 237 -899 977 -765 834 -189 -925 -397 662 -562 470 -792 -550 507 285 -928 537 293 -631 984 595 -27 -99 499 23 -567 331 913 -621 302 238 931 837 -651 807 544 780 486 -147 -538 468 -277 -949 750 -931 999 -956 308 711 400 -267 -180 -486 -137 828 -62 936 613 -495 -252 -769 393 -840 104 -406 286 -167 -530 813 681 522 -857 -868 -288 248 246 -263 511 -587 -847 -938 733 732 -202 288 573 409 587 -555 -446 -691 -265 749 441 -867 -446 347 652 -952 -729 502 -553 182 -350 462 459 -122 25 -709 -445 101 534 -281 50 -757 -989 -350 624 75 506 10 -858 341 864 802 617 -233 477 68 -145 931 -648 -224 527 -825 29 -534 -52 332 -91 837 769 440 -170 -452 -988 -404 703 858 518 -315 693 278 -200 -68 736 606 -341 -628 -911 -440 412 273 886 576 -443 614 -287 717 -58 94 691 -311 287 -928 -369 574 -441 -395 223 -555 -828 -192 -688 861 887 640 855 69 732 974 589 591 962 996 911 -284 781 699 -160 599 -24 -713 509 -21 608 -377 27 -653 892 447 281 409 16 -821 451 821 486 -775 76 -239 -818 527 911 -287 -349 323 385 374 -357 -590 685 116 622 -140 -477 -995 -597 -260 -426 -715 213 -903 -891 71 95 592 674 -370 233 291 -29 -934 -528 720 -413 426 183 894 -555 461 983 -985 -405 -378 -667 150 -503 35 -755 -751 118 204 248 -78 -73 -7 517 -612 289 281 388 41 -790 569 319 907 -578 590 -461 708 -842 -530 -492 179 -525 934 236 988 -409 770 728 817 -666 900 -396 344 289 70 250 922 686 531 18 -961 506 -165 858 -904 273 274 -648 240 525 325 815 -584 -670 -222 -136 -636 376 957 612 -209 299 951 -4 -53 549 939 -662 107 -183 -984 -817 222 551 700 864 -954 916 -190 287 -803 683 385 418 357 359 370 -725 648 768 -471 -488 224 439 -919 569 198 447 329 -25 -189 -989 -637 269 -917 308 671 -780 647 -271 -434 -130 922 456 226 708 313 255 79 773 658 -302 -731 939 -897 -530 -705 572 -717 -536 274 453 -305 -424 155 938 303 -4 396 57 -612 683 -918 -559 576 -426 214 199 643 -653 174 327 -683 -995 761 576 -332 152 -219 632 731 555 296 -56 -218 25 -963 984 -758 -809 283 559 -859 73 756 893 -267 -958 202 -863 -370 747 563 -244 778 -543 360 848 208 415 -359 343 -480 183 692 766 -667 -691 -75 -427 134 20 -548 -38 504 611 15 223 -300 -821 921 -48 44 191 -944 -973 200 959 -941 -382 490 56 -8 -970 -293 -273 -517 -886 -489 915 -272 -579 -860 35 -837 -372 -476 911 935 633 -605 -804 793 219 -563 142 -344 -421 337 16 396 -22 -794 912 -586 786 681 175 -497 953 -247 -924 727 -945 -217 148 237 228 -119 929 -728 -486 298 -737 30 304 681 786 820 615 -656 -842 -171 -595 -959 285 -714 -383 -566 -478 -294 476 -511 790 642 -129 980 -532 29 791 211 -316 399 640 -133 480 -982 -912 762 15 114 -340 -367 928 247 453 -363 -727 -361 86 969 -394 -61 -516 677 -754 -337 -821 942 776 284 115 -150 187 317 -734 -870 354 613 -487 215 608 897 188 611 981 871 907 279 818 802 -313 -716 -691 599 726 -121 -243 28 536 -376 -19 605 726 -471 887 -753 883 -144 -590 741 -433 146 -115 73 874 -935 -258 -545 -462 549 -772 24 -768 416 865 -447 -626 175 593 187 -778 748 -994 722 -631 69 336 587 -945 804 684 798 272 800 414 -241 118 -394 416 -176 -623 -1 -208 -966 884 437 -116 -46 126 155 -7 500 640 -722 809 -717 -283 -150 -313 -903 -656 -637 887 -19 -204 73 667 557 -300 547 -938 -712 308 -740 -270 431 242 924 577 -272 71 221 -574 -634 -886 960 895 453 -775 184 -176 343 -565 -326 -15 302 -106 -21 242 -576 -299 922 197 -11 674 -906 741 -880 -556 429 -219 136 -868 -486 -328 -486 652 -39 -929 -134 649 -951 215 518 -547 302 444 -219 -778 -101 433 165 939 -350 -354 -47 -331 412 478 -566 -76 -258 50 67 802 964 333 241 999 -123 187 355 115 607 -484 741 578 -714 -166 918 -50 940 822 949 398 785 24 -679 -121 -98 -696 -242 -385 -280 -269 697 489 799 -218 -970 6 718 -697 55 353 -980 285 -191 -312 507 695 808 -539 -972 -270 945 366 -908 -839 75 -243 -898 69 927 -548 -933 775 -571 486 -490 -123 34 763 162 -751 -662 -142 -610 677 -351 -61 951 519 -477 632 823 -604 377 -82 152 937 -965 690 -330 -327 -265 406 -912 834 -379 -780 -942 99 106 -835 880 407 745 -202 -752 -844 -455 648 -666 -913 -258 -496 -524 -179 776 251 -8 -71 486 177 19 5 -796 679 -621 263 -800 564 664 271 -610 -639 518 -980 400 249 -862 -233 930 377 58 -804 524 -844 -431 -583 -38 -659 306 -674 -690 -421 84 -671 16 820 -526 184 -805 100 -316 66 -33 45 203 491 -671 -990 691 365 65 -61 0 -92 124 -478 -586 966 -366 359 -523 138 306 634 981 -1 170 -732 -415 -752 -739 -725 -982 654 406 839 291 -381 412 578 214 -64 -194 982 -530 -358 449 229 447 111 315 -960 528 785 514 59 -699 -250 648 979 -671 -680 483 683 600 -634 -99 -246 964 -742 706 517 -634 724 515 867 950 73 -752 -185 678 -981 835 193 -44 305 -712 -329 970 -276 -400 26 -584 266 151 303 639 -388 750 -829 934 533 292 303 -552 174 -365 318 836 167 -211 886 565 959 322 102 252 -128 -379 -297 -286 980 -22 -801 -486 -400 -217 -26 -72 229 896 -570 -814 -967 -775 -256 682 -872 -368 475 549 -248 815 -127 -156 -951 837 90 -68 -910 -984 -94 -538 587 -878 -505 813 -437 493 -639 817 -804 450 -82 789 -195 117 -435 199 605 -680 454 -348 -259 -63 513 -499 -534 -556 -502 265 -17 592 717 928 -325 -301 429 106 -736 -482 274 -642 6 660 -779 -576 -473 806 -573 765 378 -120 447 -792 -473 -479 824 10 -492 333 -452 38 286 -310 453 446 -198 986 -176 -484 -572 33 -35 -483 101 -153 662 345 -302 676 -704 950 -882 697 -923 772 777 -615 -856 885 734 -555 -529 90 -658 -810 -781 399 -7 -7 -874 902 210 347 -188 -960 -646 959 -789 783 -914 -197 -791 -873 383 -822 223 761 -928 -605 458 781 -18 -331 -574 631 -230 509 882 964 513 758 493 -916 728 781 -923 807 -42 -807 -119 895 -560 -106 -975 -557 914 922 72 817 -59 -589 -621 2 -918 822 -714 223 -343 905 198 433 274 789 -481 313 -514 -682 132 -906 -868 840 629 870 996 -130 97 217 464 -165 712 228 -50 945 -648 -219 151 645 -291 -286 -942 -403 482 767 950 -988 -222 390 -267 819 538 -209 -637 582 -583 -484 -861 542 943 -23 157 168 498 -697 630 804 845 443 -985 50 -729 -774 -30 638 -852 980 931 149 650 -219 -135 300 875 -56 -414 986 271 -174 953 -669 477 578 295 977 396 -9 445 395 57 -806 -930 -989 -181 638 310 -448 -938 226 399 -454 -298 826 399 -929 168 -429 -799 247 754 -941 453 878 562 -301 -868 908 -41 741 -974 -532 39 -287 -683 -813 -513 994 -224 110 109 -190 -668 -135 246 200 794 546 -167 376 -176 401 -493 -500 547 -184 -134 822 371 76 645 -703 -62 -857 1 -146 -789 -403 131 -573 -694 -673 530 -652 148 -29 -365 -833 -328 -803 -734 -47 367 -17 -232 932 317 -637 -865 -114 -238 -435 856 -142 -586 -133 -299 -201 504 565 302 589 481 887 -612 -432 37 -800 289 149 -500 -665 -239 671 49 139 -31 -393 69 16 971 -826 -997 151 -238 726 834 678 135 687 -448 -193 -757 741 -79 -83 -932 684
0
